p=3 n=3
201
210
210
201
212
221
221
212
p=3 n=4
1001
1200
1002
1100
1100
1002
1112
1122
1122
1112
1200
1001
1211
1221
1221
1211
p=3 n=5
20001
21000
20012
22100
20112
22110
20120
20210
20202
22020
20210
20120
20211
21120
21000
20001
21002
22001
21011
21101
21101
21011
21120
20211
21222
22221
22001
21002
22020
20202
22022
22202
22100
20012
22110
20112
22122
22212
22202
22022
22212
22122
22221
21222
p=3 n=6
100001
120000
100002
110000
100101
120200
100202
110100
101021
121020
101022
111020
101102
110220
101112
112220
101201
120120
101211
122120
102011
122010
102012
112010
102111
122210
102212
112110
110000
100002
110100
100202
110111
122202
110121
121202
110220
101102
111012
112022
111020
101022
111101
120222
111111
122222
111122
111222
111222
111122
112010
102012
112022
111012
112101
120212
112110
102212
112121
121212
112220
101112
120000
100001
120120
101201
120200
100101
120212
112101
120222
111101
121011
122021
121020
101021
121121
121221
121202
110121
121212
112121
121221
121121
122010
102011
122021
121011
122120
101211
122202
110111
122210
102111
122222
111111
p=3 n=7
2000010
2010000
2000021
2120000
2000111
2111000
2000112
2211000
2000202
2202000
2000210
2012000
2000222
2222000
2001011
2110100
2001021
2120100
2001101
2101100
2001120
2021100
2001200
2002100
2002100
2001200
2002122
2221200
2002212
2212200
2002220
2022200
2010000
2000010
2010012
2210010
2010020
2020010
2010102
2201010
2010201
2102010
2010221
2122010
2011020
2020110
2011101
2101110
2011112
2211110
2011122
2221110
2011211
2112110
2012000
2000210
2012021
2120210
2012102
2201210
2012120
2021210
2012211
2112210
2012220
2022210
2012222
2222210
2020002
2200020
2020010
2010020
2020011
2110020
2020110
2011020
2020212
2212020
2020220
2022020
2021001
2100120
2021100
2001120
2021102
2201120
2021111
2111120
2021210
2012120
2022012
2210220
2022020
2020220
2022101
2101220
2022122
2221220
2022200
2002220
2022210
2012220
2022221
2122220
2100021
2120001
2100101
2101001
2100102
2201001
2100120
2021001
2100201
2102001
2100212
2212001
2101001
2100101
2101100
2001101
2101110
2011101
2101122
2221101
2101220
2022101
2102001
2100201
2102010
2010201
2102012
2210201
2102021
2120201
2102111
2111201
2102211
2112201
2102222
2222201
2110020
2020011
2110100
2001011
2110122
2221011
2110202
2202011
2110221
2122011
2111000
2000111
2111102
2201111
2111112
2211111
2111120
2021111
2111201
2102111
2111211
2112111
2111222
2222111
2112012
2210211
2112110
2011211
2112111
2111211
2112201
2102211
2112210
2012211
2112212
2212211
2120000
2000021
2120001
2100021
2120022
2220021
2120100
2001021
2120121
2121021
2120201
2102021
2120202
2202021
2120210
2012021
2121002
2200121
2121012
2210121
2121021
2120121
2121221
2122121
2122010
2010221
2122011
2110221
2122022
2220221
2122112
2211221
2122121
2121221
2122220
2022221
2200020
2020002
2200121
2121002
2200212
2212002
2201001
2100102
2201010
2010102
2201111
2111102
2201112
2211102
2201120
2021102
2201210
2012102
2201222
2222102
2202000
2000202
2202011
2110202
2202021
2120202
2202222
2222202
2210010
2010012
2210112
2211012
2210121
2121012
2210201
2102012
2210211
2112012
2210220
2022012
2210222
2222012
2211000
2000112
2211012
2210112
2211102
2201112
2211110
2011112
2211111
2111112
2211221
2122112
2212001
2100212
2212002
2200212
2212020
2020212
2212200
2002212
2212211
2112212
2220021
2120022
2220122
2221022
2220221
2122022
2220222
2222022
2221011
2110122
2221022
2220122
2221101
2101122
2221110
2011122
2221200
2002122
2221220
2022122
2222000
2000222
2222012
2210222
2222022
2220222
2222102
2201222
2222111
2111222
2222201
2102222
2222202
2202222
2222210
2012222
p=5 n=3
201
320
203
310
210
302
212
342
214
332
220
304
232
341
233
311
243
313
244
333
p=5 n=4
2021
3240
2024
3340
2032
3410
2033
3110
2101
3202
2102
3402
2110
3022
2114
3322
2141
3232
2201
3204
2203
3104
2213
3124
2240
3034
2242
3434
2302
3401
2304
3301
2312
3421
2340
3031
2343
3131
2403
3103
2404
3303
2410
3023
2411
3223
2444
3333
p=5 n=5
20003
31000
20020
30400
20021
32400
20033
31100
20042
34300
20100
30020
20104
33020
20111
32220
20114
33220
20122
34420
20133
31120
20141
32320
20142
34320
20204
33040
20210
30240
20223
31440
20230
30140
20242
34340
20313
31210
20330
30110
20340
30310
20402
34030
20410
30230
20412
34230
20422
34430
20424
33430
20440
30330
21000
30002
21002
34002
21013
31202
21033
31102
21043
31302
21101
32022
21122
34422
21131
32122
21132
34122
21140
30322
21202
34042
21203
31042
21204
33042
21211
32242
21214
33242
21222
34442
21303
31012
21304
33012
21310
30212
21321
32412
21331
32112
21334
33112
21342
34312
21400
30032
21401
32032
21403
31032
21411
32232
21420
30432
21424
33432
21441
32332
22014
33204
22023
31404
22031
32104
22033
31104
22041
32304
22100
30024
22111
32224
22112
34224
22113
31224
22132
34124
22134
33124
22144
33324
22201
32044
22204
33044
22212
34244
22220
30444
22233
31144
22302
34014
22314
33214
22320
30414
22321
32414
22333
31114
22343
31314
22401
32034
22402
34034
22413
31234
22423
31434
22434
33134
22442
34334
23012
34201
23013
31201
23020
30401
23034
33101
23040
30301
23041
32301
23043
31301
23130
30121
23133
31121
23144
33321
23202
34041
23221
32441
23224
33441
23234
33141
23301
32011
23311
32211
23320
30411
23343
31311
23404
33031
23413
31231
23421
32431
23431
32131
23432
34131
23442
34331
23444
33331
24003
31003
24011
32203
24030
30103
24031
32103
24042
34303
24043
31303
24044
33303
24120
30423
24123
31423
24130
30123
24132
34123
24143
31323
24200
30043
24202
34043
24213
31243
24220
30443
24231
32143
24234
33143
24240
30343
24304
33013
24321
32413
24330
30113
24332
34113
24341
32313
24412
34233
24421
32433
24422
34433
24423
31433
24434
33133
p=5 n=6
200002
340000
200003
310000
200021
324000
200024
334000
200110
302200
200120
304200
200131
321200
200141
323200
200212
342400
200240
303400
200313
312100
200340
303100
200410
302300
200420
304300
200434
331300
200444
333300
201104
330220
201212
342420
201223
314420
201241
323420
201313
312120
201322
344120
201344
333120
201401
320320
202001
320040
202004
330040
202012
342040
202013
312040
202100
300240
202131
321240
202144
333240
202203
310440
202220
304440
202222
344440
202302
340140
202320
304140
202323
314140
202400
300340
202434
331340
202441
323340
203011
322010
203014
332010
203121
324210
203200
300410
203211
322410
203212
342410
203243
313410
203300
300110
203313
312110
203314
332110
203342
343110
203424
334310
204001
320030
204004
330030
204021
324030
204024
334030
204100
300230
204101
320230
204102
340230
204114
332230
204210
302430
204211
322430
204223
314430
204310
302130
204314
332130
204322
344130
204400
300330
204403
310330
204404
330330
204411
322330
210010
302002
210020
304002
210042
343002
210122
344202
210130
301202
210142
343202
210243
313402
210311
322102
210312
342102
210331
321102
210344
333102
210420
304302
210421
324302
210424
334302
210441
323302
211014
332022
211024
334022
211102
340222
211103
310222
211121
324222
211201
320422
211233
311422
211242
343422
211341
323122
211400
300322
211410
302322
211411
322322
211422
344322
211423
314322
211443
313322
212012
342042
212034
331042
212040
303042
212113
312242
212120
304242
212131
321242
212143
313242
212201
320442
212224
334442
212320
304142
212333
311142
212340
303142
212432
341342
213021
324012
213101
320212
213110
302212
213133
311212
213202
340412
213231
321412
213233
311412
213241
323412
213303
310112
213304
330112
213312
342112
213330
301112
213341
323112
213400
300312
213423
314312
214000
300032
214020
304032
214034
331032
214041
323032
214101
320232
214133
311232
214143
313232
214212
342432
214214
332432
214302
340132
214332
341132
214403
310332
214404
330332
214431
321332
214440
303332
220000
300004
220012
342004
220022
344004
220033
311004
220134
331204
220210
302404
220221
324404
220332
341104
220341
323104
220344
333104
220413
312304
220420
304304
220424
334304
220431
321304
220432
341304
220442
343304
221003
310024
221102
340224
221111
322224
221112
342224
221124
334224
221144
333224
221202
340424
221221
324424
221234
331424
221244
333424
221314
332124
221342
343124
222002
340044
222010
302044
222011
322044
222112
342244
222114
332244
222142
343244
222201
320444
222241
323444
222300
300144
222321
324144
222330
301144
222340
303144
222403
310344
222412
342344
222422
344344
222432
341344
222443
313344
223001
320014
223023
314014
223102
340214
223114
332214
223124
334214
223204
330414
223223
314414
223232
341414
223240
303414
223331
321114
223401
320314
223412
342314
223413
312314
223422
344314
223434
331314
224002
340034
224043
313034
224112
342234
224131
321234
224142
343234
224220
304434
224230
301434
224243
313434
224310
302134
224401
320334
224434
331334
224444
333334
230000
300001
230013
312001
230023
314001
230032
341001
230112
342201
230120
304201
230121
324201
230133
311201
230134
331201
230143
313201
230233
311401
230241
323401
230244
333401
230310
302101
230324
334101
230431
321301
231002
340021
231211
322421
231243
313421
231303
310121
231324
334121
231331
321121
231341
323121
231403
310321
231413
312321
231414
332321
231421
324321
231441
323321
232003
310041
232010
302041
232014
332041
232102
340241
232113
312241
232123
314241
232133
311241
232142
343241
232200
300441
232224
334441
232230
301441
232240
303441
232304
330141
232344
333141
232411
322341
232413
312341
232443
313341
233004
330011
233022
344011
233104
330211
233112
342211
233113
312211
233123
314211
233131
321211
233234
331411
233301
320111
233322
344111
233333
311111
233340
303111
233403
310311
233411
322311
233421
324311
234003
310031
234042
343031
234104
330231
234131
321231
234141
323231
234210
302431
234320
304131
234330
301131
234342
343131
234413
312331
234434
331331
234443
313331
240010
302003
240020
304003
240043
313003
240120
304203
240121
324203
240124
334203
240144
333203
240213
312403
240214
332403
240234
331403
240241
323403
240342
343103
240423
314303
240430
301303
240443
313303
241011
322023
241021
324023
241100
300223
241110
302223
241114
332223
241122
344223
241123
314223
241142
343223
241244
333423
241304
330123
241332
341123
241343
313123
241402
340323
241403
310323
241424
334323
242013
312043
242031
321043
242040
303043
242133
311243
242220
304443
242232
341443
242240
303443
242304
330143
242321
324143
242412
342343
242420
304343
242434
331343
242442
343343
243024
334013
243100
300213
243122
344213
243201
320413
243202
340413
243213
312413
243230
301413
243244
333413
243303
310113
243332
341113
243334
331113
243344
333113
243404
330313
243410
302313
243432
341313
244000
300033
244020
304033
244031
321033
244044
333033
244101
320233
244102
340233
244134
331233
244140
303233
244203
310433
244233
311433
244311
322133
244313
312133
244404
330333
244432
341333
244442
343333
p=5 n=7
2000001
3200000
2000003
3100000
2000012
3420000
2000032
3410000
2000104
3302000
2000113
3122000
2000120
3042000
2000142
3432000
2000224
3344000
2000241
3234000
2000300
3001000
2000313
3121000
2000323
3141000
2000331
3211000
2000334
3311000
2000421
3243000
2000430
3013000
2000443
3133000
2001000
3000200
2001004
3300200
2001032
3410200
2001034
3310200
2001043
3130200
2001100
3002200
2001101
3202200
2001121
3242200
2001133
3112200
2001144
3332200
2001202
3404200
2001203
3104200
2001232
3414200
2001243
3134200
2001301
3201200
2001303
3101200
2001320
3041200
2001340
3031200
2001400
3003200
2001423
3143200
2002001
3200400
2002003
3100400
2002022
3440400
2002023
3140400
2002102
3402400
2002111
3222400
2002112
3422400
2002122
3442400
2002123
3142400
2002141
3232400
2002203
3104400
2002211
3224400
2002220
3044400
2002231
3214400
2002242
3434400
2002244
3334400
2002300
3001400
2002311
3221400
2002332
3411400
2002333
3111400
2002402
3403400
2002410
3023400
2002413
3123400
2002431
3213400
2002443
3133400
2003012
3420100
2003013
3120100
2003021
3240100
2003023
3140100
2003040
3030100
2003101
3202100
2003112
3422100
2003113
3122100
2003124
3342100
2003140
3032100
2003202
3404100
2003210
3024100
2003241
3234100
2003244
3334100
2003300
3001100
2003314
3321100
2003334
3311100
2003343
3131100
2003403
3103100
2003410
3023100
2003422
3443100
2003424
3343100
2003431
3213100
2003432
3413100
2003444
3333100
2004002
3400300
2004021
3240300
2004022
3440300
2004030
3010300
2004031
3210300
2004101
3202300
2004110
3022300
2004124
3342300
2004132
3412300
2004142
3432300
2004202
3404300
2004223
3144300
2004231
3214300
2004240
3034300
2004310
3021300
2004312
3421300
2004340
3031300
2004411
3223300
2004421
3243300
2004440
3033300
2010011
3220020
2010013
3120020
2010031
3210020
2010042
3430020
2010101
3202020
2010112
3422020
2010114
3322020
2010132
3412020
2010141
3232020
2010213
3124020
2010223
3144020
2010241
3234020
2010244
3334020
2010311
3221020
2010312
3421020
2010324
3341020
2010330
3011020
2010340
3031020
2010343
3131020
2010401
3203020
2010412
3423020
2010423
3143020
2010442
3433020
2010444
3333020
2011003
3100220
2011021
3240220
2011023
3140220
2011033
3110220
2011103
3102220
2011104
3302220
2011120
3042220
2011130
3012220
2011143
3132220
2011202
3404220
2011204
3304220
2011212
3424220
2011213
3124220
2011230
3014220
2011300
3001220
2011303
3101220
2011324
3341220
2011334
3311220
2011344
3331220
2011401
3203220
2011404
3303220
2011410
3023220
2011411
3223220
2011432
3413220
2011433
3113220
2011441
3233220
2012000
3000420
2012043
3130420
2012101
3202420
2012103
3102420
2012110
3022420
2012121
3242420
2012122
3442420
2012134
3312420
2012140
3032420
2012203
3104420
2012210
3024420
2012224
3344420
2012243
3134420
2012304
3301420
2012310
3021420
2012320
3041420
2012331
3211420
2012334
3311420
2012341
3231420
2012413
3123420
2012430
3013420
2012433
3113420
2012440
3033420
2013001
3200120
2013003
3100120
2013012
3420120
2013022
3440120
2013024
3340120
2013031
3210120
2013102
3402120
2013121
3242120
2013124
3342120
2013214
3324120
2013233
3114120
2013240
3034120
2013243
3134120
2013321
3241120
2013322
3441120
2013330
3011120
2013403
3103120
2013414
3323120
2013431
3213120
2013443
3133120
2014014
3320320
2014021
3240320
2014100
3002320
2014102
3402320
2014114
3322320
2014123
3142320
2014131
3212320
2014133
3112320
2014141
3232320
2014142
3432320
2014210
3024320
2014213
3124320
2014222
3444320
2014223
3144320
2014232
3414320
2014244
3334320
2014312
3421320
2014323
3141320
2014332
3411320
2014424
3343320
2014433
3113320
2014444
3333320
2020010
3020040
2020013
3120040
2020102
3402040
2020113
3122040
2020114
3322040
2020131
3212040
2020140
3032040
2020201
3204040
2020202
3404040
2020212
3424040
2020224
3344040
2020240
3034040
2020243
3134040
2020321
3241040
2020323
3141040
2020342
3431040
2020344
3331040
2020400
3003040
2020404
3303040
2020414
3323040
2020422
3443040
2020424
3343040
2020442
3433040
2021002
3400240
2021004
3300240
2021020
3040240
2021044
3330240
2021103
3102240
2021104
3302240
2021112
3422240
2021121
3242240
2021124
3342240
2021131
3212240
2021142
3432240
2021200
3004240
2021201
3204240
2021224
3344240
2021300
3001240
2021301
3201240
2021302
3401240
2021401
3203240
2021414
3323240
2021421
3243240
2021431
3213240
2021440
3033240
2022040
3030440
2022042
3430440
2022114
3322440
2022120
3042440
2022121
3242440
2022133
3112440
2022143
3132440
2022201
3204440
2022210
3024440
2022213
3124440
2022223
3144440
2022312
3421440
2022324
3341440
2022341
3231440
2022400
3003440
2022444
3333440
2023002
3400140
2023010
3020140
2023030
3010140
2023034
3310140
2023104
3302140
2023111
3222140
2023120
3042140
2023122
3442140
2023123
3142140
2023131
3212140
2023132
3412140
2023143
3132140
2023200
3004140
2023204
3304140
2023221
3244140
2023224
3344140
2023233
3114140
2023242
3434140
2023303
3101140
2023313
3121140
2023314
3321140
2023340
3031140
2023401
3203140
2023402
3403140
2023422
3443140
2023430
3013140
2023433
3113140
2023434
3313140
2023442
3433140
2023444
3333140
2024024
3340340
2024031
3210340
2024040
3030340
2024041
3230340
2024133
3112340
2024200
3004340
2024204
3304340
2024212
3424340
2024221
3244340
2024223
3144340
2024231
3214340
2024243
3134340
2024303
3101340
2024310
3021340
2024311
3221340
2024313
3121340
2024324
3341340
2024330
3011340
2024342
3431340
2024414
3323340
2024420
3043340
2024423
3143340
2024424
3343340
2024430
3013340
2030003
3100010
2030011
3220010
2030030
3010010
2030034
3310010
2030040
3030010
2030101
3202010
2030104
3302010
2030112
3422010
2030221
3244010
2030232
3414010
2030244
3334010
2030310
3021010
2030322
3441010
2030324
3341010
2030332
3411010
2030333
3111010
2030343
3131010
2030403
3103010
2030404
3303010
2030410
3023010
2030413
3123010
2030440
3033010
2031010
3020210
2031031
3210210
2031034
3310210
2031101
3202210
2031103
3102210
2031120
3042210
2031133
3112210
2031200
3004210
2031234
3314210
2031240
3034210
2031301
3201210
2031322
3441210
2031342
3431210
2031404
3303210
2031413
3123210
2031421
3243210
2031431
3213210
2031443
3133210
2032044
3330410
2032101
3202410
2032104
3302410
2032113
3122410
2032114
3322410
2032120
3042410
2032200
3004410
2032201
3204410
2032212
3424410
2032231
3214410
2032241
3234410
2032244
3334410
2032302
3401410
2032311
3221410
2032313
3121410
2032321
3241410
2032322
3441410
2032410
3023410
2032433
3113410
2033001
3200110
2033010
3020110
2033023
3140110
2033033
3110110
2033042
3430110
2033100
3002110
2033110
3022110
2033114
3322110
2033121
3242110
2033122
3442110
2033124
3342110
2033130
3012110
2033142
3432110
2033203
3104110
2033232
3414110
2033302
3401110
2033312
3421110
2033320
3041110
2033324
3341110
2033331
3211110
2033400
3003110
2033433
3113110
2033434
3313110
2033441
3233110
2033443
3133110
2034012
3420310
2034030
3010310
2034032
3410310
2034033
3110310
2034044
3330310
2034120
3042310
2034121
3242310
2034132
3412310
2034140
3032310
2034204
3304310
2034213
3124310
2034220
3044310
2034233
3114310
2034242
3434310
2034312
3421310
2034314
3321310
2034323
3141310
2034330
3011310
2034342
3431310
2034400
3003310
2034401
3203310
2034411
3223310
2034413
3123310
2034422
3443310
2034424
3343310
2034434
3313310
2040010
3020030
2040011
3220030
2040021
3240030
2040103
3102030
2040121
3242030
2040142
3432030
2040200
3004030
2040204
3304030
2040210
3024030
2040231
3214030
2040241
3234030
2040313
3121030
2040314
3321030
2040323
3141030
2040342
3431030
2040403
3103030
2040414
3323030
2040422
3443030
2040431
3213030
2040440
3033030
2040444
3333030
2041002
3400230
2041012
3420230
2041014
3320230
2041020
3040230
2041042
3430230
2041044
3330230
2041101
3202230
2041132
3412230
2041143
3132230
2041203
3104230
2041204
3304230
2041210
3024230
2041222
3444230
2041233
3114230
2041240
3034230
2041304
3301230
2041311
3221230
2041321
3241230
2041412
3423230
2041413
3123230
2041420
3043230
2041424
3343230
2041430
3013230
2041434
3313230
2042002
3400430
2042023
3140430
2042024
3340430
2042041
3230430
2042131
3212430
2042142
3432430
2042204
3304430
2042211
3224430
2042212
3424430
2042221
3244430
2042230
3014430
2042232
3414430
2042243
3134430
2042301
3201430
2042312
3421430
2042320
3041430
2042334
3311430
2042343
3131430
2042344
3331430
2042410
3023430
2042411
3223430
2042442
3433430
2043000
3000130
2043021
3240130
2043024
3340130
2043041
3230130
2043120
3042130
2043202
3404130
2043211
3224130
2043222
3444130
2043231
3214130
2043240
3034130
2043301
3201130
2043311
3221130
2043323
3141130
2043330
3011130
2043341
3231130
2043344
3331130
2043423
3143130
2043431
3213130
2043432
3413130
2043440
3033130
2044011
3220330
2044022
3440330
2044023
3140330
2044031
3210330
2044044
3330330
2044130
3012330
2044131
3212330
2044133
3112330
2044212
3424330
2044221
3244330
2044232
3414330
2044234
3314330
2044311
3221330
2044313
3121330
2044314
3321330
2044320
3041330
2044322
3441330
2044333
3111330
2044334
3311330
2044341
3231330
2044412
3423330
2044433
3113330
2044441
3233330
2100000
3000002
2100004
3300002
2100010
3020002
2100022
3440002
2100043
3130002
2100100
3002002
2100101
3202002
2100103
3102002
2100123
3142002
2100131
3212002
2100132
3412002
2100243
3134002
2100244
3334002
2100303
3101002
2100312
3421002
2100313
3121002
2100320
3041002
2100324
3341002
2100334
3311002
2100401
3203002
2100403
3103002
2100411
3223002
2100414
3323002
2100420
3043002
2100433
3113002
2101003
3100202
2101012
3420202
2101014
3320202
2101022
3440202
2101033
3110202
2101041
3230202
2101102
3402202
2101111
3222202
2101123
3142202
2101134
3312202
2101203
3104202
2101221
3244202
2101240
3034202
2101242
3434202
2101300
3001202
2101320
3041202
2101341
3231202
2101343
3131202
2101401
3203202
2101423
3143202
2101431
3213202
2101432
3413202
2101440
3033202
2101443
3133202
2102003
3100402
2102012
3420402
2102013
3120402
2102030
3010402
2102032
3410402
2102043
3130402
2102120
3042402
2102133
3112402
2102142
3432402
2102202
3404402
2102301
3201402
2102304
3301402
2102310
3021402
2102320
3041402
2102333
3111402
2102340
3031402
2102404
3303402
2102431
3213402
2102433
3113402
2102441
3233402
2102442
3433402
2103002
3400102
2103003
3100102
2103010
3020102
2103021
3240102
2103030
3010102
2103042
3430102
2103044
3330102
2103102
3402102
2103114
3322102
2103123
3142102
2103124
3342102
2103213
3124102
2103223
3144102
2103224
3344102
2103231
3214102
2103234
3314102
2103301
3201102
2103304
3301102
2103313
3121102
2103332
3411102
2103400
3003102
2103412
3423102
2103414
3323102
2103420
3043102
2103421
3243102
2103434
3313102
2104012
3420302
2104033
3110302
2104042
3430302
2104100
3002302
2104114
3322302
2104120
3042302
2104122
3442302
2104124
3342302
2104141
3232302
2104201
3204302
2104204
3304302
2104214
3324302
2104241
3234302
2104242
3434302
2104300
3001302
2104303
3101302
2104311
3221302
2104314
3321302
2104322
3441302
2104323
3141302
2104330
3011302
2104404
3303302
2104410
3023302
2104444
3333302
2110001
3200022
2110004
3300022
2110021
3240022
2110042
3430022
2110100
3002022
2110121
3242022
2110122
3442022
2110130
3012022
2110141
3232022
2110213
3124022
2110224
3344022
2110230
3014022
2110242
3434022
2110243
3134022
2110301
3201022
2110302
3401022
2110311
3221022
2110312
3421022
2110320
3041022
2110324
3341022
2110400
3003022
2110402
3403022
2110410
3023022
2110433
3113022
2110434
3313022
2110441
3233022
2111000
3000222
2111011
3220222
2111013
3120222
2111030
3010222
2111032
3410222
2111040
3030222
2111131
3212222
2111133
3112222
2111144
3332222
2111203
3104222
2111210
3024222
2111211
3224222
2111220
3044222
2111232
3414222
2111242
3434222
2111244
3334222
2111304
3301222
2111334
3311222
2111413
3123222
2111430
3013222
2111441
3233222
2111444
3333222
2112003
3100422
2112012
3420422
2112024
3340422
2112031
3210422
2112034
3310422
2112042
3430422
2112100
3002422
2112111
3222422
2112134
3312422
2112141
3232422
2112220
3044422
2112223
3144422
2112231
3214422
2112303
3101422
2112313
3121422
2112322
3441422
2112331
3211422
2112332
3411422
2112403
3103422
2112414
3323422
2112423
3143422
2112432
3413422
2112440
3033422
2112441
3233422
2113001
3200122
2113012
3420122
2113014
3320122
2113020
3040122
2113021
3240122
2113034
3310122
2113041
3230122
2113043
3130122
2113114
3322122
2113122
3442122
2113123
3142122
2113204
3304122
2113222
3444122
2113224
3344122
2113240
3034122
2113300
3001122
2113303
3101122
2113332
3411122
2113411
3223122
2113421
3243122
2113430
3013122
2113443
3133122
2114020
3040322
2114032
3410322
2114112
3422322
2114123
3142322
2114124
3342322
2114131
3212322
2114132
3412322
2114140
3032322
2114142
3432322
2114200
3004322
2114214
3324322
2114220
3044322
2114240
3034322
2114241
3234322
2114302
3401322
2114321
3241322
2114333
3111322
2114344
3331322
2114403
3103322
2114414
3323322
2114442
3433322
2120002
3400042
2120003
3100042
2120031
3210042
2120032
3410042
2120101
3202042
2120103
3102042
2120113
3122042
2120120
3042042
2120121
3242042
2120134
3312042
2120142
3432042
2120234
3314042
2120300
3001042
2120313
3121042
2120324
3341042
2120332
3411042
2120343
3131042
2120401
3203042
2120423
3143042
2120433
3113042
2121010
3020242
2121012
3420242
2121020
3040242
2121022
3440242
2121034
3310242
2121043
3130242
2121044
3330242
2121102
3402242
2121111
3222242
2121121
3242242
2121130
3012242
2121142
3432242
2121144
3332242
2121231
3214242
2121232
3414242
2121241
3234242
2121303
3101242
2121313
3121242
2121333
3111242
2121344
3331242
2121400
3003242
2121404
3303242
2121422
3443242
2121441
3233242
2121443
3133242
2122131
3212442
2122133
3112442
2122140
3032442
2122204
3304442
2122213
3124442
2122224
3344442
2122241
3234442
2122302
3401442
2122312
3421442
2122313
3121442
2122320
3041442
2122330
3011442
2122331
3211442
2122401
3203442
2122413
3123442
2122422
3443442
2122431
3213442
2122440
3033442
2122444
3333442
2123000
3000142
2123001
3200142
2123011
3220142
2123013
3120142
2123014
3320142
2123024
3340142
2123100
3002142
2123113
3122142
2123121
3242142
2123133
3112142
2123144
3332142
2123211
3224142
2123214
3324142
2123222
3444142
2123234
3314142
2123244
3334142
2123303
3101142
2123304
3301142
2123310
3021142
2123322
3441142
2123331
3211142
2123343
3131142
2123410
3023142
2123420
3043142
2123423
3143142
2123432
3413142
2123434
3313142
2124003
3100342
2124021
3240342
2124023
3140342
2124040
3030342
2124042
3430342
2124111
3222342
2124112
3422342
2124120
3042342
2124122
3442342
2124130
3012342
2124131
3212342
2124144
3332342
2124221
3244342
2124233
3114342
2124240
3034342
2124300
3001342
2124332
3411342
2124334
3311342
2124402
3403342
2124414
3323342
2124420
3043342
2124422
3443342
2124433
3113342
2124441
3233342
2130001
3200012
2130012
3420012
2130020
3040012
2130024
3340012
2130040
3030012
2130103
3102012
2130112
3422012
2130141
3232012
2130211
3224012
2130232
3414012
2130241
3234012
2130321
3241012
2130323
3141012
2130333
3111012
2130400
3003012
2130413
3123012
2130422
3443012
2130443
3133012
2131000
3000212
2131003
3100212
2131021
3240212
2131030
3010212
2131041
3230212
2131042
3430212
2131043
3130212
2131110
3022212
2131123
3142212
2131131
3212212
2131143
3132212
2131230
3014212
2131240
3034212
2131242
3434212
2131312
3421212
2131322
3441212
2131341
3231212
2131343
3131212
2131344
3331212
2131403
3103212
2131404
3303212
2131421
3243212
2131434
3313212
2131440
3033212
2132000
3000412
2132031
3210412
2132032
3410412
2132040
3030412
2132043
3130412
2132110
3022412
2132114
3322412
2132141
3232412
2132144
3332412
2132202
3404412
2132204
3304412
2132221
3244412
2132231
3214412
2132234
3314412
2132241
3234412
2132322
3441412
2132334
3311412
2132400
3003412
2132401
3203412
2132412
3423412
2132433
3113412
2132443
3133412
2133004
3300112
2133010
3020112
2133013
3120112
2133041
3230112
2133100
3002112
2133104
3302112
2133112
3422112
2133120
3042112
2133143
3132112
2133202
3404112
2133210
3024112
2133221
3244112
2133310
3021112
2133323
3141112
2133330
3011112
2133334
3311112
2133342
3431112
2133402
3403112
2133422
3443112
2133424
3343112
2133431
3213112
2133441
3233112
2134002
3400312
2134020
3040312
2134023
3140312
2134041
3230312
2134121
3242312
2134122
3442312
2134134
3312312
2134140
3032312
2134143
3132312
2134210
3024312
2134220
3044312
2134232
3414312
2134304
3301312
2134320
3041312
2134324
3341312
2134333
3111312
2134403
3103312
2134421
3243312
2134432
3413312
2140042
3430032
2140101
3202032
2140104
3302032
2140203
3104032
2140210
3024032
2140221
3244032
2140231
3214032
2140232
3414032
2140303
3101032
2140304
3301032
2140320
3041032
2140322
3441032
2140332
3411032
2140410
3023032
2140412
3423032
2140431
3213032
2140434
3313032
2140442
3433032
2141002
3400232
2141004
3300232
2141010
3020232
2141013
3120232
2141032
3410232
2141034
3310232
2141042
3430232
2141100
3002232
2141103
3102232
2141112
3422232
2141114
3322232
2141142
3432232
2141212
3424232
2141213
3124232
2141222
3444232
2141223
3144232
2141230
3014232
2141311
3221232
2141321
3241232
2141331
3211232
2141342
3431232
2141343
3131232
2141402
3403232
2141414
3323232
2141424
3343232
2141432
3413232
2141441
3233232
2142004
3300432
2142014
3320432
2142102
3402432
2142103
3102432
2142121
3242432
2142134
3312432
2142140
3032432
2142143
3132432
2142211
3224432
2142220
3044432
2142230
3014432
2142240
3034432
2142244
3334432
2142300
3001432
2142310
3021432
2142323
3141432
2142341
3231432
2142411
3223432
2142422
3443432
2142442
3433432
2142443
3133432
2143003
3100132
2143004
3300132
2143012
3420132
2143022
3440132
2143023
3140132
2143043
3130132
2143103
3102132
2143110
3022132
2143111
3222132
2143113
3122132
2143120
3042132
2143201
3204132
2143212
3424132
2143220
3044132
2143221
3244132
2143230
3014132
2143243
3134132
2143301
3201132
2143320
3041132
2143322
3441132
2143401
3203132
2143410
3023132
2143421
3243132
2143422
3443132
2143440
3033132
2144001
3200332
2144021
3240332
2144024
3340332
2144034
3310332
2144114
3322332
2144134
3312332
2144144
3332332
2144202
3404332
2144210
3024332
2144211
3224332
2144243
3134332
2144324
3341332
2144330
3011332
2144331
3211332
2144402
3403332
2144412
3423332
2144420
3043332
2144440
3033332
2144444
3333332
2200000
3000004
2200013
3120004
2200023
3140004
2200044
3330004
2200100
3002004
2200112
3422004
2200121
3242004
2200201
3204004
2200204
3304004
2200222
3444004
2200233
3114004
2200234
3314004
2200242
3434004
2200324
3341004
2200404
3303004
2200410
3023004
2200420
3043004
2200423
3143004
2200424
3343004
2200432
3413004
2200441
3233004
2200443
3133004
2201012
3420204
2201014
3320204
2201021
3240204
2201023
3140204
2201031
3210204
2201041
3230204
2201101
3202204
2201103
3102204
2201122
3442204
2201130
3012204
2201134
3312204
2201144
3332204
2201211
3224204
2201212
3424204
2201300
3001204
2201310
3021204
2201332
3411204
2201340
3031204
2201403
3103204
2201404
3303204
2201430
3013204
2201432
3413204
2201433
3113204
2201442
3433204
2202002
3400404
2202003
3100404
2202010
3020404
2202020
3040404
2202022
3440404
2202024
3340404
2202033
3110404
2202043
3130404
2202044
3330404
2202102
3402404
2202110
3022404
2202120
3042404
2202121
3242404
2202132
3412404
2202141
3232404
2202200
3004404
2202222
3444404
2202224
3344404
2202300
3001404
2202301
3201404
2202304
3301404
2202310
3021404
2202312
3421404
2202322
3441404
2202330
3011404
2202400
3003404
2202421
3243404
2202431
3213404
2202432
3413404
2202444
3333404
2203003
3100104
2203012
3420104
2203020
3040104
2203043
3130104
2203113
3122104
2203143
3132104
2203201
3204104
2203210
3024104
2203214
3324104
2203221
3244104
2203231
3214104
2203232
3414104
2203303
3101104
2203314
3321104
2203320
3041104
2203340
3031104
2203411
3223104
2203421
3243104
2203433
3113104
2203440
3033104
2204001
3200304
2204002
3400304
2204022
3440304
2204040
3030304
2204104
3302304
2204110
3022304
2204114
3322304
2204140
3032304
2204203
3104304
2204204
3304304
2204231
3214304
2204244
3334304
2204312
3421304
2204340
3031304
2204401
3203304
2204414
3323304
2204433
3113304
2204441
3233304
2204444
3333304
2210023
3140024
2210030
3010024
2210032
3410024
2210041
3230024
2210044
3330024
2210104
3302024
2210111
3222024
2210131
3212024
2210200
3004024
2210214
3324024
2210220
3044024
2210233
3114024
2210243
3134024
2210301
3201024
2210302
3401024
2210313
3121024
2210314
3321024
2210320
3041024
2210400
3003024
2210403
3103024
2210422
3443024
2210423
3143024
2210424
3343024
2210430
3013024
2210442
3433024
2211013
3120224
2211022
3440224
2211040
3030224
2211042
3430224
2211102
3402224
2211110
3022224
2211112
3422224
2211121
3242224
2211141
3232224
2211223
3144224
2211232
3414224
2211304
3301224
2211314
3321224
2211324
3341224
2211330
3011224
2211333
3111224
2211344
3331224
2211402
3403224
2211420
3043224
2211434
3313224
2211441
3233224
2212001
3200424
2212023
3140424
2212030
3010424
2212042
3430424
2212043
3130424
2212101
3202424
2212114
3322424
2212120
3042424
2212122
3442424
2212124
3342424
2212133
3112424
2212140
3032424
2212204
3304424
2212210
3024424
2212213
3124424
2212232
3414424
2212241
3234424
2212244
3334424
2212300
3001424
2212311
3221424
2212321
3241424
2212322
3441424
2212340
3031424
2212343
3131424
2212410
3023424
2212420
3043424
2212443
3133424
2213000
3000124
2213024
3340124
2213031
3210124
2213101
3202124
2213124
3342124
2213141
3232124
2213200
3004124
2213212
3424124
2213213
3124124
2213214
3324124
2213310
3021124
2213313
3121124
2213324
3341124
2213340
3031124
2213401
3203124
2213403
3103124
2213423
3143124
2213433
3113124
2214010
3020324
2214033
3110324
2214102
3402324
2214113
3122324
2214114
3322324
2214122
3442324
2214130
3012324
2214202
3404324
2214204
3304324
2214230
3014324
2214231
3214324
2214240
3034324
2214243
3134324
2214303
3101324
2214311
3221324
2214312
3421324
2214341
3231324
2214401
3203324
2214404
3303324
2214411
3223324
2214413
3123324
2214424
3343324
2214433
3113324
2214440
3033324
2220021
3240044
2220022
3440044
2220042
3430044
2220111
3222044
2220130
3012044
2220132
3412044
2220144
3332044
2220213
3124044
2220224
3344044
2220231
3214044
2220240
3034044
2220301
3201044
2220303
3101044
2220313
3121044
2220314
3321044
2220341
3231044
2220413
3123044
2220422
3443044
2220423
3143044
2220430
3013044
2220434
3313044
2220444
3333044
2221002
3400244
2221012
3420244
2221024
3340244
2221032
3410244
2221034
3310244
2221041
3230244
2221114
3322244
2221120
3042244
2221133
3112244
2221140
3032244
2221204
3304244
2221214
3324244
2221221
3244244
2221222
3444244
2221230
3014244
2221242
3434244
2221303
3101244
2221313
3121244
2221334
3311244
2221402
3403244
2221412
3423244
2221424
3343244
2221430
3013244
2221431
3213244
2221444
3333244
2222013
3120444
2222020
3040444
2222023
3140444
2222031
3210444
2222100
3002444
2222101
3202444
2222113
3122444
2222123
3142444
2222124
3342444
2222144
3332444
2222203
3104444
2222220
3044444
2222222
3444444
2222311
3221444
2222321
3241444
2222342
3431444
2222412
3423444
2222421
3243444
2222442
3433444
2223001
3200144
2223014
3320144
2223023
3140144
2223032
3410144
2223103
3102144
2223112
3422144
2223123
3142144
2223201
3204144
2223211
3224144
2223222
3444144
2223224
3344144
2223230
3014144
2223243
3134144
2223312
3421144
2223320
3041144
2223321
3241144
2223323
3141144
2223333
3111144
2223343
3131144
2223344
3331144
2223402
3403144
2223410
3023144
2223413
3123144
2223432
3413144
2224000
3000344
2224013
3120344
2224014
3320344
2224020
3040344
2224030
3010344
2224032
3410344
2224110
3022344
2224113
3122344
2224121
3242344
2224134
3312344
2224143
3132344
2224202
3404344
2224203
3104344
2224211
3224344
2224223
3144344
2224302
3401344
2224311
3221344
2224322
3441344
2224343
3131344
2224400
3003344
2230010
3020014
2230014
3320014
2230020
3040014
2230030
3010014
2230102
3402014
2230131
3212014
2230134
3312014
2230142
3432014
2230222
3444014
2230230
3014014
2230311
3221014
2230323
3141014
2230332
3411014
2230344
3331014
2230443
3133014
2231004
3300214
2231011
3220214
2231020
3040214
2231023
3140214
2231100
3002214
2231110
3022214
2231121
3242214
2231131
3212214
2231132
3412214
2231141
3232214
2231203
3104214
2231204
3304214
2231214
3324214
2231221
3244214
2231230
3014214
2231234
3314214
2231240
3034214
2231241
3234214
2231312
3421214
2231330
3011214
2231333
3111214
2231334
3311214
2231342
3431214
2231411
3223214
2231430
3013214
2231444
3333214
2232004
3300414
2232021
3240414
2232024
3340414
2232041
3230414
2232100
3002414
2232104
3302414
2232112
3422414
2232123
3142414
2232224
3344414
2232243
3134414
2232302
3401414
2232303
3101414
2232324
3341414
2232332
3411414
2232343
3131414
2232402
3403414
2232411
3223414
2232433
3113414
2232434
3313414
2232440
3033414
2232442
3433414
2233002
3400114
2233003
3100114
2233014
3320114
2233022
3440114
2233034
3310114
2233111
3222114
2233130
3012114
2233133
3112114
2233144
3332114
2233200
3004114
2233210
3024114
2233211
3224114
2233212
3424114
2233221
3244114
2233234
3314114
2233242
3434114
2233304
3301114
2233311
3221114
2233320
3041114
2233322
3441114
2233342
3431114
2233401
3203114
2233423
3143114
2234004
3300314
2234013
3120314
2234031
3210314
2234034
3310314
2234100
3002314
2234124
3342314
2234130
3012314
2234133
3112314
2234142
3432314
2234233
3114314
2234241
3234314
2234301
3201314
2234323
3141314
2234332
3411314
2234342
3431314
2234344
3331314
2234411
3223314
2234414
3323314
2234430
3013314
2234431
3213314
2234441
3233314
2234443
3133314
2240020
3040034
2240032
3410034
2240034
3310034
2240043
3130034
2240113
3122034
2240122
3442034
2240123
3142034
2240141
3232034
2240200
3004034
2240202
3404034
2240211
3224034
2240230
3014034
2240240
3034034
2240301
3201034
2240310
3021034
2240312
3421034
2240344
3331034
2240402
3403034
2240420
3043034
2240421
3243034
2240432
3413034
2240442
3433034
2241000
3000234
2241024
3340234
2241044
3330234
2241102
3402234
2241104
3302234
2241120
3042234
2241123
3142234
2241132
3412234
2241143
3132234
2241202
3404234
2241224
3344234
2241231
3214234
2241233
3114234
2241244
3334234
2241333
3111234
2241334
3311234
2241404
3303234
2241410
3023234
2241414
3323234
2241422
3443234
2241431
3213234
2241442
3433234
2241443
3133234
2242003
3100434
2242011
3220434
2242021
3240434
2242032
3410434
2242040
3030434
2242044
3330434
2242122
3442434
2242130
3012434
2242143
3132434
2242220
3044434
2242223
3144434
2242230
3014434
2242242
3434434
2242243
3134434
2242311
3221434
2242313
3121434
2242314
3321434
2242323
3141434
2242340
3031434
2242412
3423434
2242424
3343434
2242440
3033434
2243004
3300134
2243012
3420134
2243030
3010134
2243033
3110134
2243100
3002134
2243101
3202134
2243103
3102134
2243114
3322134
2243143
3132134
2243144
3332134
2243211
3224134
2243303
3101134
2243310
3021134
2243312
3421134
2243324
3341134
2243331
3211134
2243340
3031134
2243341
3231134
2243400
3003134
2243413
3123134
2243420
3043134
2243422
3443134
2243430
3013134
2243434
3313134
2244012
3420334
2244024
3340334
2244030
3010334
2244033
3110334
2244041
3230334
2244100
3002334
2244104
3302334
2244110
3022334
2244113
3122334
2244123
3142334
2244124
3342334
2244134
3312334
2244200
3004334
2244201
3204334
2244212
3424334
2244214
3324334
2244221
3244334
2244240
3034334
2244331
3211334
2244343
3131334
2244344
3331334
2244401
3203334
2244403
3103334
2244430
3013334
2300003
3100001
2300023
3140001
2300032
3410001
2300102
3402001
2300111
3222001
2300122
3442001
2300124
3342001
2300133
3112001
2300211
3224001
2300212
3424001
2300234
3314001
2300300
3001001
2300304
3301001
2300311
3221001
2300314
3321001
2300333
3111001
2300340
3031001
2300342
3431001
2300413
3123001
2300431
3213001
2300433
3113001
2301002
3400201
2301004
3300201
2301033
3110201
2301101
3202201
2301103
3102201
2301112
3422201
2301114
3322201
2301120
3042201
2301124
3342201
2301132
3412201
2301134
3312201
2301202
3404201
2301213
3124201
2301222
3444201
2301234
3314201
2301321
3241201
2301323
3141201
2301330
3011201
2301403
3103201
2301411
3223201
2301412
3423201
2301422
3443201
2301443
3133201
2301444
3333201
2302000
3000401
2302010
3020401
2302012
3420401
2302014
3320401
2302021
3240401
2302033
3110401
2302034
3310401
2302110
3022401
2302111
3222401
2302132
3412401
2302142
3432401
2302201
3204401
2302212
3424401
2302214
3324401
2302224
3344401
2302231
3214401
2302312
3421401
2302320
3041401
2302331
3211401
2302340
3031401
2302344
3331401
2302413
3123401
2302440
3033401
2303001
3200101
2303002
3400101
2303010
3020101
2303040
3030101
2303103
3102101
2303132
3412101
2303203
3104101
2303214
3324101
2303221
3244101
2303301
3201101
2303310
3021101
2303313
3121101
2303320
3041101
2303331
3211101
2303334
3311101
2303343
3131101
2303442
3433101
2303444
3333101
2304001
3200301
2304012
3420301
2304030
3010301
2304102
3402301
2304113
3122301
2304121
3242301
2304130
3012301
2304143
3132301
2304201
3204301
2304203
3104301
2304210
3024301
2304221
3244301
2304222
3444301
2304234
3314301
2304240
3034301
2304311
3221301
2304314
3321301
2304320
3041301
2304330
3011301
2304341
3231301
2304344
3331301
2304423
3143301
2304440
3033301
2304442
3433301
2310013
3120021
2310044
3330021
2310101
3202021
2310102
3402021
2310111
3222021
2310123
3142021
2310130
3012021
2310132
3412021
2310214
3324021
2310231
3214021
2310233
3114021
2310240
3034021
2310331
3211021
2310341
3231021
2310342
3431021
2310414
3323021
2310420
3043021
2310421
3243021
2310430
3013021
2310432
3413021
2310443
3133021
2311001
3200221
2311003
3100221
2311010
3020221
2311020
3040221
2311023
3140221
2311043
3130221
2311111
3222221
2311140
3032221
2311142
3432221
2311212
3424221
2311213
3124221
2311224
3344221
2311233
3114221
2311240
3034221
2311320
3041221
2311321
3241221
2311402
3403221
2311410
3023221
2311421
3243221
2311422
3443221
2311424
3343221
2311431
3213221
2312004
3300421
2312022
3440421
2312112
3422421
2312121
3242421
2312141
3232421
2312200
3004421
2312203
3104421
2312211
3224421
2312222
3444421
2312223
3144421
2312231
3214421
2312234
3314421
2312302
3401421
2312304
3301421
2312340
3031421
2312344
3331421
2312400
3003421
2312403
3103421
2312410
3023421
2312420
3043421
2312421
3243421
2312432
3413421
2312444
3333421
2313001
3200121
2313014
3320121
2313021
3240121
2313032
3410121
2313040
3030121
2313044
3330121
2313131
3212121
2313132
3412121
2313144
3332121
2313210
3024121
2313220
3044121
2313221
3244121
2313240
3034121
2313242
3434121
2313314
3321121
2313324
3341121
2313330
3011121
2313333
3111121
2313341
3231121
2313342
3431121
2313400
3003121
2313413
3123121
2313422
3443121
2313434
3313121
2314000
3000321
2314002
3400321
2314012
3420321
2314023
3140321
2314040
3030321
2314041
3230321
2314101
3202321
2314104
3302321
2314111
3222321
2314112
3422321
2314120
3042321
2314143
3132321
2314202
3404321
2314214
3324321
2314244
3334321
2314302
3401321
2314324
3341321
2314331
3211321
2314332
3411321
2314340
3031321
2314403
3103321
2314422
3443321
2314423
3143321
2314440
3033321
2314441
3233321
2320001
3200041
2320021
3240041
2320024
3340041
2320101
3202041
2320110
3022041
2320122
3442041
2320131
3212041
2320134
3312041
2320210
3024041
2320214
3324041
2320230
3014041
2320232
3414041
2320244
3334041
2320302
3401041
2320330
3011041
2320331
3211041
2320340
3031041
2320343
3131041
2320403
3103041
2320412
3423041
2320424
3343041
2320442
3433041
2321011
3220241
2321022
3440241
2321031
3210241
2321040
3030241
2321104
3302241
2321122
3442241
2321124
3342241
2321130
3012241
2321132
3412241
2321204
3304241
2321211
3224241
2321223
3144241
2321231
3214241
2321232
3414241
2321244
3334241
2321313
3121241
2321320
3041241
2321321
3241241
2321343
3131241
2321414
3323241
2321430
3013241
2321434
3313241
2321441
3233241
2321442
3433241
2322012
3420441
2322032
3410441
2322041
3230441
2322113
3122441
2322122
3442441
2322141
3232441
2322202
3404441
2322212
3424441
2322233
3114441
2322243
3134441
2322300
3001441
2322301
3201441
2322323
3141441
2322332
3411441
2322343
3131441
2322411
3223441
2322424
3343441
2322431
3213441
2322432
3413441
2322443
3133441
2323020
3040141
2323022
3440141
2323030
3010141
2323041
3230141
2323101
3202141
2323102
3402141
2323124
3342141
2323140
3032141
2323142
3432141
2323143
3132141
2323201
3204141
2323203
3104141
2323214
3324141
2323220
3044141
2323233
3114141
2323244
3334141
2323304
3301141
2323311
3221141
2323323
3141141
2323334
3311141
2323341
3231141
2323400
3003141
2323404
3303141
2323422
3443141
2323440
3033141
2324003
3100341
2324010
3020341
2324020
3040341
2324022
3440341
2324044
3330341
2324100
3002341
2324110
3022341
2324121
3242341
2324133
3112341
2324201
3204341
2324220
3044341
2324224
3344341
2324242
3434341
2324312
3421341
2324314
3321341
2324323
3141341
2324331
3211341
2324344
3331341
2324400
3003341
2324402
3403341
2324432
3413341
2324434
3313341
2324443
3133341
2324444
3333341
2330011
3220011
2330042
3430011
2330104
3302011
2330133
3112011
2330202
3404011
2330220
3044011
2330241
3234011
2330301
3201011
2330302
3401011
2330303
3101011
2330322
3441011
2330330
3011011
2330334
3311011
2330342
3431011
2330411
3223011
2330423
3143011
2330424
3343011
2330441
3233011
2330443
3133011
2331004
3300211
2331021
3240211
2331030
3010211
2331041
3230211
2331114
3322211
2331131
3212211
2331203
3104211
2331204
3304211
2331210
3024211
2331230
3014211
2331244
3334211
2331312
3421211
2331321
3241211
2331332
3411211
2331400
3003211
2331401
3203211
2331414
3323211
2331424
3343211
2331434
3313211
2331440
3033211
2332020
3040411
2332040
3030411
2332110
3022411
2332112
3422411
2332113
3122411
2332121
3242411
2332134
3312411
2332140
3032411
2332201
3204411
2332203
3104411
2332220
3044411
2332221
3244411
2332232
3414411
2332233
3114411
2332234
3314411
2332304
3301411
2332314
3321411
2332333
3111411
2332341
3231411
2332342
3431411
2332403
3103411
2332410
3023411
2332423
3143411
2332431
3213411
2333003
3100111
2333024
3340111
2333030
3010111
2333034
3310111
2333040
3030111
2333123
3142111
2333134
3312111
2333142
3432111
2333201
3204111
2333211
3224111
2333223
3144111
2333232
3414111
2333240
3034111
2333243
3134111
2333314
3321111
2333331
3211111
2333333
3111111
2333340
3031111
2333344
3331111
2333403
3103111
2333420
3043111
2334021
3240311
2334024
3340311
2334044
3330311
2334104
3302311
2334132
3412311
2334203
3104311
2334223
3144311
2334224
3344311
2334231
3214311
2334311
3221311
2334312
3421311
2334322
3441311
2334332
3411311
2334341
3231311
2334401
3203311
2334404
3303311
2334420
3043311
2334421
3243311
2334442
3433311
2334443
3133311
2334444
3333311
2340010
3020031
2340031
3210031
2340104
3302031
2340123
3142031
2340211
3224031
2340233
3114031
2340242
3434031
2340300
3001031
2340310
3021031
2340333
3111031
2340341
3231031
2340343
3131031
2340411
3223031
2340414
3323031
2340422
3443031
2340423
3143031
2340440
3033031
2340442
3433031
2341000
3000231
2341003
3100231
2341014
3320231
2341032
3410231
2341102
3402231
2341113
3122231
2341120
3042231
2341130
3012231
2341142
3432231
2341230
3014231
2341234
3314231
2341243
3134231
2341311
3221231
2341320
3041231
2341323
3141231
2341331
3211231
2341341
3231231
2341400
3003231
2341404
3303231
2341413
3123231
2341444
3333231
2342011
3220431
2342022
3440431
2342043
3130431
2342044
3330431
2342114
3322431
2342120
3042431
2342123
3142431
2342133
3112431
2342202
3404431
2342213
3124431
2342231
3214431
2342233
3114431
2342241
3234431
2342301
3201431
2342303
3101431
2342304
3301431
2342332
3411431
2342402
3403431
2342412
3423431
2342414
3323431
2342434
3313431
2343002
3400131
2343023
3140131
2343033
3110131
2343041
3230131
2343111
3222131
2343122
3442131
2343134
3312131
2343210
3024131
2343212
3424131
2343222
3444131
2343242
3434131
2343244
3334131
2343313
3121131
2343314
3321131
2343321
3241131
2343330
3011131
2343344
3331131
2343403
3103131
2343410
3023131
2343424
3343131
2343431
3213131
2343440
3033131
2343443
3133131
2344001
3200331
2344002
3400331
2344004
3300331
2344043
3130331
2344113
3122331
2344114
3322331
2344124
3342331
2344202
3404331
2344204
3304331
2344230
3014331
2344304
3301331
2344310
3021331
2344311
3221331
2344334
3311331
2344403
3103331
2344411
3223331
2344443
3133331
2400022
3440003
2400043
3130003
2400101
3202003
2400130
3012003
2400200
3004003
2400201
3204003
2400202
3404003
2400213
3124003
2400222
3444003
2400224
3344003
2400234
3314003
2400304
3301003
2400322
3441003
2400330
3011003
2400333
3111003
2400340
3031003
2400341
3231003
2400403
3103003
2400404
3303003
2400411
3223003
2400434
3313003
2400440
3033003
2401014
3320203
2401021
3240203
2401023
3140203
2401032
3410203
2401044
3330203
2401110
3022203
2401111
3222203
2401124
3342203
2401143
3132203
2401212
3424203
2401223
3144203
2401224
3344203
2401241
3234203
2401340
3031203
2401402
3403203
2401410
3023203
2401412
3423203
2401422
3443203
2402004
3300403
2402011
3220403
2402024
3340403
2402040
3030403
2402100
3002403
2402101
3202403
2402112
3422403
2402133
3112403
2402204
3304403
2402220
3044403
2402221
3244403
2402222
3444403
2402303
3101403
2402321
3241403
2402331
3211403
2402334
3311403
2402343
3131403
2402403
3103403
2402412
3423403
2402420
3043403
2402444
3333403
2403012
3420103
2403022
3440103
2403023
3140103
2403031
3210103
2403042
3430103
2403100
3002103
2403111
3222103
2403134
3312103
2403212
3424103
2403233
3114103
2403243
3134103
2403244
3334103
2403302
3401103
2403321
3241103
2403324
3341103
2403333
3111103
2403341
3231103
2403413
3123103
2403432
3413103
2403440
3033103
2403441
3233103
2404002
3400303
2404012
3420303
2404014
3320303
2404031
3210303
2404040
3030303
2404103
3102303
2404113
3122303
2404134
3312303
2404144
3332303
2404200
3004303
2404221
3244303
2404224
3344303
2404233
3114303
2404234
3314303
2404241
3234303
2404300
3001303
2404304
3301303
2404320
3041303
2404322
3441303
2404331
3211303
2404400
3003303
2404413
3123303
2404430
3013303
2410002
3400023
2410003
3100023
2410041
3230023
2410042
3430023
2410100
3002023
2410101
3202023
2410122
3442023
2410124
3342023
2410134
3312023
2410200
3004023
2410201
3204023
2410212
3424023
2410230
3014023
2410244
3334023
2410303
3101023
2410321
3241023
2410332
3411023
2410343
3131023
2410344
3331023
2410402
3403023
2410411
3223023
2410420
3043023
2410433
3113023
2410444
3333023
2411002
3400223
2411010
3020223
2411014
3320223
2411033
3110223
2411101
3202223
2411110
3022223
2411113
3122223
2411121
3242223
2411123
3142223
2411202
3404223
2411203
3104223
2411214
3324223
2411230
3014223
2411241
3234223
2411310
3021223
2411312
3421223
2411313
3121223
2411411
3223223
2411412
3423223
2411420
3043223
2411432
3413223
2411433
3113223
2411442
3433223
2411443
3133223
2412004
3300423
2412022
3440423
2412023
3140423
2412031
3210423
2412032
3410423
2412044
3330423
2412100
3002423
2412120
3042423
2412121
3242423
2412131
3212423
2412144
3332423
2412203
3104423
2412213
3124423
2412221
3244423
2412243
3134423
2412301
3201423
2412342
3431423
2412344
3331423
2412410
3023423
2412422
3443423
2412423
3143423
2412434
3313423
2412440
